[gd_scene load_steps=8 format=3 uid="uid://bgunqer1xur0t"]

[ext_resource type="Script" uid="uid://urwdvacw1u8l" path="res://scripts/game_manager.gd" id="1_jyhfs"]
[ext_resource type="PackedScene" uid="uid://73n5mq0sbiuu" path="res://scenes/player.tscn" id="2_0wfyh"]
[ext_resource type="Script" uid="uid://dlwa1knvfk5cl" path="res://scripts/camera_follow.gd" id="2_sugp2"]
[ext_resource type="Script" uid="uid://deycqjx2yjv1r" path="res://scripts/road.gd" id="2_tbgi4"]
[ext_resource type="PackedScene" uid="uid://h2pheoljb6ha" path="res://scenes/boost_pickup.tscn" id="3_tefeu"]
[ext_resource type="Script" uid="uid://m7flon62st5k" path="res://scripts/boost_pickup.gd" id="4_o6xl0"]

[sub_resource type="Curve3D" id="Curve3D_tefeu"]
closed = true
_data = {
"points": PackedVector3Array(0, 1.36988, -12.5076, 0, -1.36988, 12.5076, 2.86102e-05, 1.06493, 22.0627, 0, 14.6326, 1.01188, 0, -14.6326, -1.01188, 4.00543e-05, -25.3784, 39.1072, 0, 1.6514, 12.479, 0, -1.6514, -12.479, 4.00543e-05, -45.483, 9.54378, 0, -6.1012, 10.4242, 0, 6.1012, -10.4242, 4.00543e-05, -41.9618, -34.3594, 0, -7.5618, -1.65903, 0, 7.5618, 1.65903, 4.00543e-05, -13.6395, -42.8561, 0, -5.024, -9.87866, 0, 5.024, 9.87866, 4.00543e-05, -0.074597, -33.6141),
"tilts": PackedFloat32Array(0, 0, 1.48949, 0, 0, 0)
}
point_count = 6

[node name="Main" type="Node"]
script = ExtResource("1_jyhfs")

[node name="Road" type="Path3D" parent="."]
transform = Transform3D(1, 0, 0, 0, 1, 0, 0, 0, 1, -5.20486, -3.43323e-05, 0.0403315)
curve = SubResource("Curve3D_tefeu")
script = ExtResource("2_tbgi4")
nb_lane = 5
nb_boost = 5

[node name="RoadCSGPolygon3D" type="CSGPolygon3D" parent="Road"]
polygon = PackedVector2Array(-2.5, 0, 2.5, 0, 2.5, -0.1, -2.5, -0.1)
mode = 2
path_node = NodePath("..")
path_interval_type = 0
path_interval = 0.32
path_simplify_angle = 0.0
path_rotation = 2
path_rotation_accurate = false
path_local = true
path_continuous_u = true
path_u_distance = 1.0
path_joined = true

[node name="Boosts" type="Node" parent="Road"]

[node name="BoostPickup" type="Area3D" parent="Road/Boosts" instance=ExtResource("3_tefeu")]
transform = Transform3D(-1, 4.71785e-07, 2.54715e-07, 4.78655e-07, 0.999617, 0.0276778, -2.4156e-07, 0.0276778, -0.999617, -7.20483, 3.02682, -3.67673)
collision_layer = 0
collision_mask = 2
script = ExtResource("4_o6xl0")

[node name="@Area3D@33800" type="Area3D" parent="Road/Boosts" instance=ExtResource("3_tefeu")]
transform = Transform3D(-1, 5.33474e-07, -1.99834e-07, -1.68703e-07, 0.0577319, 0.998332, 5.44121e-07, 0.998332, -0.0577319, -5.20482, -19.6563, 39.3958)
collision_layer = 0
collision_mask = 2
script = ExtResource("4_o6xl0")

[node name="@Area3D@33801" type="Area3D" parent="Road/Boosts" instance=ExtResource("3_tefeu")]
transform = Transform3D(-1, 5.46798e-07, -3.95051e-14, -7.59194e-08, -0.138844, -0.990314, -5.41502e-07, -0.990314, 0.138844, -7.20482, -26.8625, -43.547)
collision_layer = 0
collision_mask = 2
script = ExtResource("4_o6xl0")

[node name="@Area3D@33802" type="Area3D" parent="Road/Boosts" instance=ExtResource("3_tefeu")]
transform = Transform3D(-1, 5.46798e-07, -6.51834e-14, 7.98786e-08, 0.146084, -0.989272, -5.40932e-07, -0.989272, -0.146084, -4.20482, -10.8588, -42.5149)
collision_layer = 0
collision_mask = 2
script = ExtResource("4_o6xl0")

[node name="@Area3D@33803" type="Area3D" parent="Road/Boosts" instance=ExtResource("3_tefeu")]
transform = Transform3D(-1, 3.39901e-08, -2.57875e-07, -5.91913e-08, 0.935674, 0.352865, 2.53281e-07, 0.352865, -0.935674, -4.20483, 0.0660054, 27.2643)
collision_layer = 0
collision_mask = 2
script = ExtResource("4_o6xl0")

[node name="Obstacles" type="Node" parent="Road"]

[node name="PathFollow3D" type="PathFollow3D" parent="Road"]
transform = Transform3D(-0.999949, 9.51772e-09, -8.6901e-08, 0, 0.99403, 0.10887, 8.74183e-08, 0.10887, -0.994031, 2.86112e-05, 1.16434, 22.0736)
v_offset = 0.1
script = ExtResource("2_sugp2")

[node name="Player" parent="Road/PathFollow3D" node_paths=PackedStringArray("road") instance=ExtResource("2_0wfyh")]
road = NodePath("../..")

[node name="Camera3D" type="Camera3D" parent="Road/PathFollow3D"]
transform = Transform3D(1.00005, 0, 0, 0, 1.00003, 0, 0, 0, 1.00002, -0.0427483, 0.522258, 0.843494)
fov = 100.0

[node name="OmniLight3D" type="OmniLight3D" parent="Road/PathFollow3D"]
transform = Transform3D(1.00005, -3.72529e-09, -7.45058e-09, -1.86265e-09, 1.00003, 2.98023e-08, 2.23517e-08, 0, 1.00002, 0.0381951, 0.790632, -0.298967)

[node name="PathFollow3D2" type="PathFollow3D" parent="Road"]
transform = Transform3D(-1, 9.51791e-09, -8.69027e-08, 0, 0.994051, 0.108872, 8.74228e-08, 0.108872, -0.994051, 2.86102e-05, 1.06493, 22.0627)
