[gd_scene load_steps=4 format=3 uid="uid://2oiunpp6k4t0"]

[ext_resource type="Texture2D" uid="uid://bahec8fgih82p" path="res://assets/textures/police/flicpart1.png" id="1_s71qx"]
[ext_resource type="Texture2D" uid="uid://b0sex286og1th" path="res://assets/textures/police/flicpart2.png" id="2_n1e24"]
[ext_resource type="Texture2D" uid="uid://cibun7h0xxxbt" path="res://assets/textures/star.png" id="3_ycjs2"]

[node name="police" type="Node3D"]

[node name="Sprite3D" type="Sprite3D" parent="."]
transform = Transform3D(-0.760598, -0.648472, 0.0312146, -0.351545, 0.451798, 0.819936, -0.545808, 0.612669, -0.571603, 0.014697, -0.0145184, -0.0499002)
texture_filter = 0
texture = ExtResource("1_s71qx")

[node name="Sprite3D2" type="Sprite3D" parent="."]
transform = Transform3D(-0.742761, -0.648472, -0.166706, -0.551781, 0.451797, 0.701011, -0.379269, 0.612669, -0.693392, -0.1829, -0.151774, -0.157828)
texture_filter = 0
texture = ExtResource("2_n1e24")

[node name="Sprite3D3" type="Sprite3D" parent="."]
transform = Transform3D(0.726603, -0.648472, -0.227008, 0.127351, 0.451798, -0.882984, 0.675152, 0.612669, 0.410861, 0.208392, 0.0290922, 0.122954)
texture_filter = 0
texture = ExtResource("2_n1e24")

[node name="Star" type="Sprite3D" parent="."]
transform = Transform3D(0.085, 0, 0, 0, 0.085, 0, 0, 0, 0.085, 0.0221824, 0.0880878, -0.149288)
modulate = Color(0.921828, 0.525643, 0.0312505, 1)
billboard = 1
texture = ExtResource("3_ycjs2")

[node name="Star2" type="Sprite3D" parent="."]
transform = Transform3D(0.085, 0, 0, 0, 0.085, 0, 0, 0, 0.085, -0.042622, 0.0490651, -0.14984)
modulate = Color(0.227161, 0.721538, 0.945281, 1)
billboard = 1
texture = ExtResource("3_ycjs2")
