[gd_scene load_steps=6 format=3 uid="uid://1shqohj0xof7"]

[ext_resource type="Script" uid="uid://bbqvwxnu171bf" path="res://scripts/level.gd" id="1_6iamk"]
[ext_resource type="PackedScene" uid="uid://c0lga80jrq31g" path="res://scenes/levels/road.tscn" id="1_ksju7"]
[ext_resource type="PackedScene" uid="uid://h2pheoljb6ha" path="res://scenes/boost_pickup.tscn" id="3_x42e6"]
[ext_resource type="Script" uid="uid://m7flon62st5k" path="res://scripts/boost_pickup.gd" id="4_6761a"]
[ext_resource type="PackedScene" uid="uid://b7ndogurbak5y" path="res://scenes/ui/gameover_screen.tscn" id="5_6761a"]

[node name="Level1" type="Node3D" node_paths=PackedStringArray("road")]
script = ExtResource("1_6iamk")
road = NodePath("Road")

[node name="CountdownTimer" type="Timer" parent="."]
unique_name_in_owner = true

[node name="Road" parent="." instance=ExtResource("1_ksju7")]

[node name="@Area3D@21760" type="Area3D" parent="Road/Boosts" index="0" instance=ExtResource("3_x42e6")]
transform = Transform3D(-1, 5.46799e-07, -3.67618e-14, -2.75333e-07, -0.503536, -0.863974, -4.72421e-07, -0.863974, 0.503536, 1.00004, -35.8951, -40.6279)
collision_layer = 0
collision_mask = 2
script = ExtResource("4_6761a")

[node name="@Area3D@21761" type="Area3D" parent="Road/Boosts" index="1" instance=ExtResource("3_x42e6")]
transform = Transform3D(-1, 4.16749e-07, -4.79835e-07, -2.91458e-07, 0.370209, 0.928948, 5.64778e-07, 0.928948, -0.370209, -1.99996, -10.2705, 37.4138)
collision_layer = 0
collision_mask = 2
script = ExtResource("4_6761a")

[node name="@Area3D@21762" type="Area3D" parent="Road/Boosts" index="2" instance=ExtResource("3_x42e6")]
transform = Transform3D(-1, 5.32026e-07, 1.36866e-07, 4.797e-07, 0.967096, -0.254413, -2.67716e-07, -0.254413, -0.967096, 1.00004, 1.35686, -30.2422)
collision_layer = 0
collision_mask = 2
script = ExtResource("4_6761a")

[node name="@Area3D@21763" type="Area3D" parent="Road/Boosts" index="3" instance=ExtResource("3_x42e6")]
transform = Transform3D(-0.945945, -0.324326, 0, 0.315911, -0.921402, -0.226318, 0.0734007, -0.214084, 0.974054, 1.82707, -45.8685, -26.2622)
collision_layer = 0
collision_mask = 2
script = ExtResource("4_6761a")

[node name="@Area3D@21764" type="Area3D" parent="Road/Boosts" index="4" instance=ExtResource("3_x42e6")]
transform = Transform3D(-1, 5.42919e-07, 7.10654e-08, 4.82635e-07, 0.935286, -0.353893, -2.58602e-07, -0.353893, -0.935286, 2.00004, 0.686284, -32.3721)
collision_layer = 0
collision_mask = 2
script = ExtResource("4_6761a")

[node name="HUD" type="CanvasLayer" parent="."]
process_mode = 3

[node name="CountdownLabel" type="Label" parent="HUD"]
anchors_preset = 8
anchor_left = 0.5
anchor_top = 0.5
anchor_right = 0.5
anchor_bottom = 0.5
offset_left = -20.0
offset_top = -11.5
offset_right = 20.0
offset_bottom = 11.5
grow_horizontal = 2
grow_vertical = 2
theme_override_font_sizes/font_size = 60
text = "3"
horizontal_alignment = 1
vertical_alignment = 1

[node name="GameoverScreen" parent="HUD" instance=ExtResource("5_6761a")]
unique_name_in_owner = true
visible = false

[editable path="Road"]
