[gd_scene load_steps=7 format=3 uid="uid://1shqohj0xof7"]

[ext_resource type="Script" uid="uid://bbqvwxnu171bf" path="res://scripts/level.gd" id="1_6iamk"]
[ext_resource type="PackedScene" uid="uid://c0lga80jrq31g" path="res://scenes/levels/road.tscn" id="1_ksju7"]
[ext_resource type="PackedScene" uid="uid://h2pheoljb6ha" path="res://scenes/boost_pickup.tscn" id="3_x42e6"]
[ext_resource type="Script" uid="uid://m7flon62st5k" path="res://scripts/boost_pickup.gd" id="4_6761a"]
[ext_resource type="PackedScene" uid="uid://b7ndogurbak5y" path="res://scenes/ui/gameover_screen.tscn" id="5_6761a"]
[ext_resource type="PackedScene" uid="uid://c1ndn0i51fpky" path="res://scenes/ui/pause_screen.tscn" id="6_sk5k4"]

[node name="Level1" type="Node3D" node_paths=PackedStringArray("road")]
script = ExtResource("1_6iamk")
road = NodePath("Road")

[node name="CountdownTimer" type="Timer" parent="."]
unique_name_in_owner = true

[node name="Road" parent="." instance=ExtResource("1_ksju7")]

[node name="@Area3D@110410" type="Area3D" parent="Road/Boosts" index="0" instance=ExtResource("3_x42e6")]
transform = Transform3D(-0.969686, -0.244355, 0, 0.106912, -0.424263, 0.899206, -0.219725, 0.871947, 0.437526, 0.920855, -31.9937, 37.842)
collision_layer = 0
collision_mask = 2
script = ExtResource("4_6761a")

[node name="@Area3D@110411" type="Area3D" parent="Road/Boosts" index="1" instance=ExtResource("3_x42e6")]
transform = Transform3D(-1, 5.46799e-07, -7.10543e-15, 6.25584e-08, 0.114408, -0.993434, -5.43209e-07, -0.993434, -0.114408, 1.00004, -17.2645, -43.6556)
collision_layer = 0
collision_mask = 2
script = ExtResource("4_6761a")

[node name="@Area3D@110412" type="Area3D" parent="Road/Boosts" index="2" instance=ExtResource("3_x42e6")]
transform = Transform3D(-1, 4.63162e-07, 2.24585e-07, 4.76402e-07, 0.99801, 0.0630547, -1.94933e-07, 0.0630547, -0.99801, 2.00003, 2.51922, 7.25297)
collision_layer = 0
collision_mask = 2
script = ExtResource("4_6761a")

[node name="@Area3D@110413" type="Area3D" parent="Road/Boosts" index="3" instance=ExtResource("3_x42e6")]
transform = Transform3D(-0.991334, -0.131368, 3.72529e-09, 0.0349593, -0.263811, 0.963941, -0.126631, 0.955587, 0.266117, -2.0089, -28.9962, 38.4358)
collision_layer = 0
collision_mask = 2
script = ExtResource("4_6761a")

[node name="@Area3D@110414" type="Area3D" parent="Road/Boosts" index="4" instance=ExtResource("3_x42e6")]
transform = Transform3D(-0.326045, -0.945354, 0, 0.927065, -0.319737, 0.195754, -0.185057, 0.0638246, 0.980653, -0.515076, -43.5599, 15.892)
collision_layer = 0
collision_mask = 2
script = ExtResource("4_6761a")

[node name="HUD" type="CanvasLayer" parent="."]
process_mode = 3

[node name="ScoreLabel" type="Label" parent="HUD"]
unique_name_in_owner = true
anchors_preset = 5
anchor_left = 0.5
anchor_right = 0.5
offset_left = -20.0
offset_right = 20.0
offset_bottom = 23.0
grow_horizontal = 2
theme_override_font_sizes/font_size = 30
text = "0"
horizontal_alignment = 1
vertical_alignment = 1

[node name="CountdownLabel" type="Label" parent="HUD"]
anchors_preset = 8
anchor_left = 0.5
anchor_top = 0.5
anchor_right = 0.5
anchor_bottom = 0.5
offset_left = -20.0
offset_top = -11.5
offset_right = 20.0
offset_bottom = 11.5
grow_horizontal = 2
grow_vertical = 2
theme_override_font_sizes/font_size = 60
text = "3"
horizontal_alignment = 1
vertical_alignment = 1

[node name="GameoverScreen" parent="HUD" instance=ExtResource("5_6761a")]
unique_name_in_owner = true
visible = false

[node name="PauseScreen" parent="HUD" instance=ExtResource("6_sk5k4")]

[node name="MarginContainer" type="MarginContainer" parent="HUD"]
anchors_preset = 3
anchor_left = 1.0
anchor_top = 1.0
anchor_right = 1.0
anchor_bottom = 1.0
offset_left = -40.0
offset_top = -40.0
grow_horizontal = 0
grow_vertical = 0
theme_override_constants/margin_right = 60
theme_override_constants/margin_bottom = 20

[node name="SpeedLabel" type="Label" parent="HUD/MarginContainer"]
unique_name_in_owner = true
layout_mode = 2
theme_override_font_sizes/font_size = 60
text = "0"

[editable path="Road"]
