[gd_scene load_steps=5 format=3 uid="uid://1shqohj0xof7"]

[ext_resource type="Script" uid="uid://bbqvwxnu171bf" path="res://scripts/level.gd" id="1_6iamk"]
[ext_resource type="PackedScene" uid="uid://c0lga80jrq31g" path="res://scenes/levels/road.tscn" id="1_ksju7"]
[ext_resource type="PackedScene" uid="uid://h2pheoljb6ha" path="res://scenes/boost_pickup.tscn" id="3_x42e6"]
[ext_resource type="Script" uid="uid://m7flon62st5k" path="res://scripts/boost_pickup.gd" id="4_6761a"]

[node name="Level1" type="Node3D" node_paths=PackedStringArray("road")]
script = ExtResource("1_6iamk")
road = NodePath("Road")

[node name="CountdownTimer" type="Timer" parent="."]
unique_name_in_owner = true

[node name="Road" parent="." instance=ExtResource("1_ksju7")]

[node name="@Area3D@103449" type="Area3D" parent="Road/Boosts" index="0" instance=ExtResource("3_x42e6")]
transform = Transform3D(-1, 4.56913e-07, 8.16795e-08, 4.62777e-07, 0.995026, 0.0996141, -3.57583e-08, 0.0996141, -0.995026, 2.00003, 1.50247, 19.8019)
collision_layer = 0
collision_mask = 2
script = ExtResource("4_6761a")

[node name="@Area3D@103450" type="Area3D" parent="Road/Boosts" index="1" instance=ExtResource("3_x42e6")]
transform = Transform3D(-1, 5.468e-07, -2.84217e-14, 4.58545e-07, 0.838598, -0.544751, -2.9787e-07, -0.544751, -0.838598, -0.99996, -2.28474, -37.9622)
collision_layer = 0
collision_mask = 2
script = ExtResource("4_6761a")

[node name="@Area3D@103451" type="Area3D" parent="Road/Boosts" index="2" instance=ExtResource("3_x42e6")]
transform = Transform3D(-1, 4.02685e-07, -4.92413e-07, -2.92131e-07, 0.396918, 0.917854, 5.65053e-07, 0.917854, -0.396918, 1.00004, -9.66556, 37.1625)
collision_layer = 0
collision_mask = 2
script = ExtResource("4_6761a")

[node name="@Area3D@103452" type="Area3D" parent="Road/Boosts" index="3" instance=ExtResource("3_x42e6")]
transform = Transform3D(-1, 5.20765e-07, 1.79083e-07, 4.78648e-07, 0.98274, -0.184992, -2.7233e-07, -0.184992, -0.98274, 3.94801e-05, 1.88583, -27.8672)
collision_layer = 0
collision_mask = 2
script = ExtResource("4_6761a")

[node name="@Area3D@103453" type="Area3D" parent="Road/Boosts" index="4" instance=ExtResource("3_x42e6")]
transform = Transform3D(-0.612514, -0.79046, 0, 0.740838, -0.574062, 0.348729, -0.275657, 0.213602, 0.937224, 0.454462, -42.9318, 24.9212)
collision_layer = 0
collision_mask = 2
script = ExtResource("4_6761a")

[node name="HUD" type="CanvasLayer" parent="."]
process_mode = 3

[node name="CountdownLabel" type="Label" parent="HUD"]
anchors_preset = 8
anchor_left = 0.5
anchor_top = 0.5
anchor_right = 0.5
anchor_bottom = 0.5
offset_left = -20.0
offset_top = -11.5
offset_right = 20.0
offset_bottom = 11.5
grow_horizontal = 2
grow_vertical = 2
theme_override_font_sizes/font_size = 60
text = "3"
horizontal_alignment = 1
vertical_alignment = 1

[editable path="Road"]
