[gd_scene load_steps=6 format=3 uid="uid://1shqohj0xof7"]

[ext_resource type="Script" uid="uid://bbqvwxnu171bf" path="res://scripts/level.gd" id="1_6iamk"]
[ext_resource type="PackedScene" uid="uid://c0lga80jrq31g" path="res://scenes/levels/road.tscn" id="1_ksju7"]
[ext_resource type="PackedScene" uid="uid://h2pheoljb6ha" path="res://scenes/boost_pickup.tscn" id="3_x42e6"]
[ext_resource type="Script" uid="uid://m7flon62st5k" path="res://scripts/boost_pickup.gd" id="4_6761a"]
[ext_resource type="PackedScene" uid="uid://b7ndogurbak5y" path="res://scenes/ui/gameover_screen.tscn" id="5_6761a"]

[node name="Level1" type="Node3D" node_paths=PackedStringArray("road")]
script = ExtResource("1_6iamk")
road = NodePath("Road")

[node name="CountdownTimer" type="Timer" parent="."]
unique_name_in_owner = true

[node name="Road" parent="." instance=ExtResource("1_ksju7")]

[node name="@Area3D@122133" type="Area3D" parent="Road/Boosts" index="0" instance=ExtResource("3_x42e6")]
transform = Transform3D(-1, 4.58287e-07, 1.50926e-07, 4.69803e-07, 0.996111, 0.0881073, -1.09961e-07, 0.0881073, -0.996111, -0.999971, 1.84179, 16.1957)
collision_layer = 0
collision_mask = 2
script = ExtResource("4_6761a")

[node name="@Area3D@122134" type="Area3D" parent="Road/Boosts" index="1" instance=ExtResource("3_x42e6")]
transform = Transform3D(-1, 1.09488e-09, -4.99204e-08, -6.50845e-09, 0.988372, 0.152054, 4.95064e-08, 0.152054, -0.988372, -0.999971, 1.12902, 23.1097)
collision_layer = 0
collision_mask = 2
script = ExtResource("4_6761a")

[node name="@Area3D@122135" type="Area3D" parent="Road/Boosts" index="2" instance=ExtResource("3_x42e6")]
transform = Transform3D(-0.443103, -0.896471, -3.72529e-09, 0.895046, -0.442399, 0.0563628, -0.0505276, 0.0249745, 0.99841, -0.622357, -45.6905, -1.32884)
collision_layer = 0
collision_mask = 2
script = ExtResource("4_6761a")

[node name="@Area3D@122136" type="Area3D" parent="Road/Boosts" index="3" instance=ExtResource("3_x42e6")]
transform = Transform3D(-0.995293, -0.0969071, 0, 0.088548, -0.909441, -0.406295, 0.0393729, -0.404383, 0.913742, -0.0193414, -43.2485, -32.2729)
collision_layer = 0
collision_mask = 2
script = ExtResource("4_6761a")

[node name="@Area3D@122137" type="Area3D" parent="Road/Boosts" index="4" instance=ExtResource("3_x42e6")]
transform = Transform3D(-1, 5.09316e-07, 2.11077e-07, 4.78355e-07, 0.991889, -0.12711, -2.74105e-07, -0.12711, -0.991889, -0.999961, 2.35602, -24.8531)
collision_layer = 0
collision_mask = 2
script = ExtResource("4_6761a")

[node name="HUD" type="CanvasLayer" parent="."]
process_mode = 3

[node name="CountdownLabel" type="Label" parent="HUD"]
anchors_preset = 8
anchor_left = 0.5
anchor_top = 0.5
anchor_right = 0.5
anchor_bottom = 0.5
offset_left = -20.0
offset_top = -11.5
offset_right = 20.0
offset_bottom = 11.5
grow_horizontal = 2
grow_vertical = 2
theme_override_font_sizes/font_size = 60
text = "3"
horizontal_alignment = 1
vertical_alignment = 1

[node name="GameoverScreen" parent="HUD" instance=ExtResource("5_6761a")]
unique_name_in_owner = true
visible = false

[editable path="Road"]
