[gd_scene load_steps=7 format=3 uid="uid://1shqohj0xof7"]

[ext_resource type="Script" uid="uid://bbqvwxnu171bf" path="res://scripts/level.gd" id="1_6iamk"]
[ext_resource type="PackedScene" uid="uid://c0lga80jrq31g" path="res://scenes/levels/road.tscn" id="1_ksju7"]
[ext_resource type="PackedScene" uid="uid://h2pheoljb6ha" path="res://scenes/boost_pickup.tscn" id="3_x42e6"]
[ext_resource type="Script" uid="uid://m7flon62st5k" path="res://scripts/boost_pickup.gd" id="4_6761a"]
[ext_resource type="PackedScene" uid="uid://b7ndogurbak5y" path="res://scenes/ui/gameover_screen.tscn" id="5_6761a"]
[ext_resource type="PackedScene" uid="uid://c1ndn0i51fpky" path="res://scenes/ui/pause_screen.tscn" id="6_sk5k4"]

[node name="Level1" type="Node3D" node_paths=PackedStringArray("road")]
script = ExtResource("1_6iamk")
road = NodePath("Road")

[node name="CountdownTimer" type="Timer" parent="."]
unique_name_in_owner = true

[node name="Road" parent="." instance=ExtResource("1_ksju7")]

[node name="@Area3D@93538" type="Area3D" parent="Road/Boosts" index="0" instance=ExtResource("3_x42e6")]
transform = Transform3D(-1, 5.07106e-07, 2.16339e-07, 4.78354e-07, 0.99315, -0.116845, -2.7411e-07, -0.116845, -0.99315, 3.87338e-05, 2.43983, -24.1708)
collision_layer = 0
collision_mask = 2
script = ExtResource("4_6761a")

[node name="@Area3D@93539" type="Area3D" parent="Road/Boosts" index="1" instance=ExtResource("3_x42e6")]
transform = Transform3D(-0.427223, -0.904146, -3.72529e-09, 0.902508, -0.426449, 0.0601659, -0.0543988, 0.0257043, 0.998188, 0.246433, -47.4527, -0.672122)
collision_layer = 0
collision_mask = 2
script = ExtResource("4_6761a")

[node name="@Area3D@93540" type="Area3D" parent="Road/Boosts" index="2" instance=ExtResource("3_x42e6")]
transform = Transform3D(-0.99999, -0.00453129, -2.91038e-11, 0.000342255, -0.0755308, 0.997143, -0.00451834, 0.997133, 0.0755316, -0.000866203, -25.5267, 39.2968)
collision_layer = 0
collision_mask = 2
script = ExtResource("4_6761a")

[node name="@Area3D@93541" type="Area3D" parent="Road/Boosts" index="3" instance=ExtResource("3_x42e6")]
transform = Transform3D(-1, 2.06712e-07, -5.09393e-07, -2.15017e-07, 0.705724, 0.708487, 5.05943e-07, 0.708487, -0.705724, 2.00003, -3.81426, 33.2714)
collision_layer = 0
collision_mask = 2
script = ExtResource("4_6761a")

[node name="@Area3D@93542" type="Area3D" parent="Road/Boosts" index="4" instance=ExtResource("3_x42e6")]
transform = Transform3D(-1, 4.99761e-07, 2.31919e-07, 4.7844e-07, 0.996443, -0.0842672, -2.73207e-07, -0.0842672, -0.996443, 3.81519e-05, 2.69848, -21.5932)
collision_layer = 0
collision_mask = 2
script = ExtResource("4_6761a")

[node name="HUD" type="CanvasLayer" parent="."]
process_mode = 3

[node name="CountdownLabel" type="Label" parent="HUD"]
anchors_preset = 8
anchor_left = 0.5
anchor_top = 0.5
anchor_right = 0.5
anchor_bottom = 0.5
offset_left = -20.0
offset_top = -11.5
offset_right = 20.0
offset_bottom = 11.5
grow_horizontal = 2
grow_vertical = 2
theme_override_font_sizes/font_size = 60
text = "3"
horizontal_alignment = 1
vertical_alignment = 1

[node name="GameoverScreen" parent="HUD" instance=ExtResource("5_6761a")]
unique_name_in_owner = true
visible = false

[node name="PauseScreen" parent="HUD" instance=ExtResource("6_sk5k4")]

[node name="MarginContainer" type="MarginContainer" parent="HUD"]
anchors_preset = 3
anchor_left = 1.0
anchor_top = 1.0
anchor_right = 1.0
anchor_bottom = 1.0
offset_left = -40.0
offset_top = -40.0
grow_horizontal = 0
grow_vertical = 0
theme_override_constants/margin_right = 60
theme_override_constants/margin_bottom = 20

[node name="SpeedLabel" type="Label" parent="HUD/MarginContainer"]
unique_name_in_owner = true
layout_mode = 2
theme_override_font_sizes/font_size = 60
text = "0"

[editable path="Road"]
