[gd_scene load_steps=5 format=3 uid="uid://c0lga80jrq31g"]

[ext_resource type="Script" uid="uid://deycqjx2yjv1r" path="res://scripts/road.gd" id="1_1hsjn"]
[ext_resource type="PackedScene" uid="uid://h2pheoljb6ha" path="res://scenes/boost_pickup.tscn" id="2_rvhr8"]
[ext_resource type="Script" uid="uid://m7flon62st5k" path="res://scripts/boost_pickup.gd" id="3_rvhr8"]

[sub_resource type="Curve3D" id="Curve3D_tefeu"]
closed = true
_data = {
"points": PackedVector3Array(0, 1.36988, -12.5076, 0, -1.36988, 12.5076, 2.86102e-05, 1.06493, 22.0627, 0, 14.6326, 1.01188, 0, -14.6326, -1.01188, 4.00543e-05, -25.3784, 39.1072, 0, 1.6514, 12.479, 0, -1.6514, -12.479, 4.00543e-05, -45.483, 9.54378, 0, -6.1012, 10.4242, 0, 6.1012, -10.4242, 4.00543e-05, -41.9618, -34.3594, 0, -7.5618, -1.65903, 0, 7.5618, 1.65903, 4.00543e-05, -13.6395, -42.8561, 0, -5.024, -9.87866, 0, 5.024, 9.87866, 4.00543e-05, -0.074597, -33.6141),
"tilts": PackedFloat32Array(0, 0, 1.48949, 0, 0, 0)
}
point_count = 6

[node name="Road" type="Path3D"]
curve = SubResource("Curve3D_tefeu")
script = ExtResource("1_1hsjn")
nb_lane = 5
nb_boost = 5

[node name="RoadCSGPolygon3D" type="CSGPolygon3D" parent="."]
polygon = PackedVector2Array(-2.5, 0, 2.5, 0, 2.5, -0.1, -2.5, -0.1)
mode = 2
path_node = NodePath("..")
path_interval_type = 0
path_interval = 0.32
path_simplify_angle = 0.0
path_rotation = 2
path_rotation_accurate = false
path_local = true
path_continuous_u = true
path_u_distance = 1.0
path_joined = true

[node name="Boosts" type="Node" parent="."]

[node name="@Area3D@103537" type="Area3D" parent="Boosts" instance=ExtResource("2_rvhr8")]
transform = Transform3D(-1, 5.99561e-08, -3.30074e-07, -8.91674e-08, 0.901006, 0.433806, 3.23408e-07, 0.433806, -0.901006, 2.00003, -0.555233, 28.6763)
collision_layer = 0
collision_mask = 2
script = ExtResource("3_rvhr8")

[node name="@Area3D@103538" type="Area3D" parent="Boosts" instance=ExtResource("2_rvhr8")]
transform = Transform3D(-0.720332, -0.69363, 0, 0.620248, -0.644125, 0.447656, -0.310508, 0.322461, 0.894206, 0.581646, -41.3058, 28.4967)
collision_layer = 0
collision_mask = 2
script = ExtResource("3_rvhr8")

[node name="@Area3D@103539" type="Area3D" parent="Boosts" instance=ExtResource("2_rvhr8")]
transform = Transform3D(-1, 4.66788e-07, 2.4352e-07, 4.77863e-07, 0.998864, 0.0476576, -2.20998e-07, 0.0476576, -0.998864, 1.00003, 2.80624, 2.08866)
collision_layer = 0
collision_mask = 2
script = ExtResource("3_rvhr8")

[node name="@Area3D@103540" type="Area3D" parent="Boosts" instance=ExtResource("2_rvhr8")]
transform = Transform3D(-1, 4.76145e-07, 2.57609e-07, 4.78873e-07, 0.999943, 0.010695, -2.52502e-07, 0.010695, -0.999943, 1.00003, 3.10707, -7.84504)
collision_layer = 0
collision_mask = 2
script = ExtResource("3_rvhr8")

[node name="@Area3D@103541" type="Area3D" parent="Boosts" instance=ExtResource("2_rvhr8")]
transform = Transform3D(-0.773917, -0.633287, 0, 0.632155, -0.772533, -0.0597691, 0.037851, -0.0462563, 0.998212, -0.126617, -46.6885, -15.1081)
collision_layer = 0
collision_mask = 2
script = ExtResource("3_rvhr8")

[node name="Obstacles" type="Node" parent="."]
