[gd_scene load_steps=5 format=3 uid="uid://c0lga80jrq31g"]

[ext_resource type="Script" uid="uid://deycqjx2yjv1r" path="res://scripts/road.gd" id="1_1hsjn"]
[ext_resource type="PackedScene" uid="uid://h2pheoljb6ha" path="res://scenes/boost_pickup.tscn" id="2_rvhr8"]
[ext_resource type="Script" uid="uid://m7flon62st5k" path="res://scripts/boost_pickup.gd" id="3_rvhr8"]

[sub_resource type="Curve3D" id="Curve3D_tefeu"]
closed = true
_data = {
"points": PackedVector3Array(0, 1.36988, -12.5076, 0, -1.36988, 12.5076, 2.86102e-05, 1.06493, 22.0627, 0, 14.6326, 1.01188, 0, -14.6326, -1.01188, 4.00543e-05, -25.3784, 39.1072, 0, 1.6514, 12.479, 0, -1.6514, -12.479, 4.00543e-05, -45.483, 9.54378, 0, -6.1012, 10.4242, 0, 6.1012, -10.4242, 4.00543e-05, -41.9618, -34.3594, 0, -7.5618, -1.65903, 0, 7.5618, 1.65903, 4.00543e-05, -13.6395, -42.8561, 0, -5.024, -9.87866, 0, 5.024, 9.87866, 4.00543e-05, -0.074597, -33.6141),
"tilts": PackedFloat32Array(0, 0, 1.48949, 0, 0, 0)
}
point_count = 6

[node name="Road" type="Path3D"]
curve = SubResource("Curve3D_tefeu")
script = ExtResource("1_1hsjn")
nb_lane = 5
nb_boost = 5

[node name="RoadCSGPolygon3D" type="CSGPolygon3D" parent="."]
polygon = PackedVector2Array(-2.5, 0, 2.5, 0, 2.5, -0.1, -2.5, -0.1)
mode = 2
path_node = NodePath("..")
path_interval_type = 0
path_interval = 0.32
path_simplify_angle = 0.0
path_rotation = 2
path_rotation_accurate = false
path_local = true
path_continuous_u = true
path_u_distance = 1.0
path_joined = true

[node name="Boosts" type="Node" parent="."]

[node name="BoostPickup" type="Area3D" parent="Boosts" instance=ExtResource("2_rvhr8")]
transform = Transform3D(-1, 5.468e-07, -1.31683e-14, 8.72009e-08, 0.159475, -0.987202, -5.39801e-07, -0.987202, -0.159475, 4.01637e-05, -15.5012, -43.4123)
collision_layer = 0
collision_mask = 2
script = ExtResource("3_rvhr8")

[node name="@Area3D@21765" type="Area3D" parent="Boosts" instance=ExtResource("2_rvhr8")]
transform = Transform3D(-1, 4.97734e-07, -3.46102e-07, -2.47711e-07, 0.185595, 0.982626, 5.53322e-07, 0.982626, -0.185595, 3.83514e-05, -15.1887, 38.8186)
collision_layer = 0
collision_mask = 2
script = ExtResource("3_rvhr8")

[node name="@Area3D@21766" type="Area3D" parent="Boosts" instance=ExtResource("2_rvhr8")]
transform = Transform3D(-1, 4.60677e-07, 1.99597e-07, 4.74298e-07, 0.997207, 0.0746915, -1.64631e-07, 0.0746915, -0.997207, -1.99997, 2.23088, 11.4276)
collision_layer = 0
collision_mask = 2
script = ExtResource("3_rvhr8")

[node name="@Area3D@21767" type="Area3D" parent="Boosts" instance=ExtResource("2_rvhr8")]
transform = Transform3D(-0.462683, -0.886524, -3.72529e-09, 0.885345, -0.462068, 0.051552, -0.0457021, 0.0238522, 0.99867, 0.748101, -48.3975, -1.87833)
collision_layer = 0
collision_mask = 2
script = ExtResource("3_rvhr8")

[node name="@Area3D@21768" type="Area3D" parent="Boosts" instance=ExtResource("2_rvhr8")]
transform = Transform3D(-0.281229, -0.959641, 0, 0.955569, -0.280036, 0.0920177, -0.088304, 0.0258781, 0.995757, -0.191888, -46.16, 3.9979)
collision_layer = 0
collision_mask = 2
script = ExtResource("3_rvhr8")

[node name="Obstacles" type="Node" parent="."]
