[gd_scene load_steps=5 format=3 uid="uid://c0lga80jrq31g"]

[ext_resource type="Script" uid="uid://deycqjx2yjv1r" path="res://scripts/road.gd" id="1_1hsjn"]
[ext_resource type="PackedScene" uid="uid://h2pheoljb6ha" path="res://scenes/boost_pickup.tscn" id="2_rvhr8"]
[ext_resource type="Script" uid="uid://m7flon62st5k" path="res://scripts/boost_pickup.gd" id="3_rvhr8"]

[sub_resource type="Curve3D" id="Curve3D_tefeu"]
closed = true
_data = {
"points": PackedVector3Array(0, 1.36988, -12.5076, 0, -1.36988, 12.5076, 2.86102e-05, 8.49258, 23.9137, 0, 14.6326, 1.01188, 0, -14.6326, -1.01188, -8.28557, -25.3784, 14.981, 0, 1.6514, 12.479, 0, -1.6514, -12.479, 4.00543e-05, -45.483, 9.54378, 0, -6.1012, 10.4242, 0, 6.1012, -10.4242, -21.9894, -41.9618, -21.2954, 0, -7.5618, -1.65903, 0, 7.5618, 1.65903, 4.00543e-05, -13.6395, -42.8561, 0, -5.024, -9.87866, 0, 5.024, 9.87866, 4.00543e-05, -0.074597, -33.6141),
"tilts": PackedFloat32Array(0, 0, 1.48949, 0, 0, 0)
}
point_count = 6

[node name="Road" type="Path3D"]
curve = SubResource("Curve3D_tefeu")
script = ExtResource("1_1hsjn")
nb_lane = 5
nb_boost = 5

[node name="RoadCSGPolygon3D" type="CSGPolygon3D" parent="."]
polygon = PackedVector2Array(-2.5, 0, 2.5, 0, 2.5, -0.1, -2.5, -0.1)
mode = 2
path_node = NodePath("..")
path_interval_type = 0
path_interval = 0.32
path_simplify_angle = 0.0
path_rotation = 2
path_rotation_accurate = false
path_local = true
path_continuous_u = true
path_u_distance = 1.0
path_joined = true

[node name="Boosts" type="Node" parent="."]

[node name="BoostPickup" type="Area3D" parent="Boosts" instance=ExtResource("2_rvhr8")]
transform = Transform3D(-0.53951, -0.841979, 0, 0.841571, -0.539249, 0.0311274, -0.0262086, 0.0167935, 0.999515, -0.168356, -46.76, -4.80836)
collision_layer = 0
collision_mask = 2
script = ExtResource("3_rvhr8")

[node name="@Area3D@21751" type="Area3D" parent="Boosts" instance=ExtResource("2_rvhr8")]
transform = Transform3D(-1, 2.58553e-07, -5.29212e-07, -2.46854e-07, 0.631801, 0.77513, 5.34769e-07, 0.77513, -0.631801, -0.999967, -5.07817, 34.41)
collision_layer = 0
collision_mask = 2
script = ExtResource("3_rvhr8")

[node name="@Area3D@21752" type="Area3D" parent="Boosts" instance=ExtResource("2_rvhr8")]
transform = Transform3D(-0.982002, -0.18887, 7.45058e-09, 0.0669005, -0.347839, 0.935164, -0.176625, 0.918333, 0.354214, 1.92627, -30.6717, 38.5602)
collision_layer = 0
collision_mask = 2
script = ExtResource("3_rvhr8")

[node name="@Area3D@21753" type="Area3D" parent="Boosts" instance=ExtResource("2_rvhr8")]
transform = Transform3D(-1, 4.65573e-07, 2.38637e-07, 4.775e-07, 0.998611, 0.052686, -2.13777e-07, 0.052686, -0.998611, 2.00003, 2.72452, 3.71484)
collision_layer = 0
collision_mask = 2
script = ExtResource("3_rvhr8")

[node name="@Area3D@21754" type="Area3D" parent="Boosts" instance=ExtResource("2_rvhr8")]
transform = Transform3D(-1, 5.46799e-07, -1.42109e-14, 4.85397e-07, 0.887706, -0.46041, -2.51752e-07, -0.46041, -0.887706, 2.00004, -0.218385, -34.332)
collision_layer = 0
collision_mask = 2
script = ExtResource("3_rvhr8")

[node name="Obstacles" type="Node" parent="."]
